task_id,model,condition,syntax_valid,run1_success,functional_correct,run1_changed,run2_success,run2_changed,run3_success,run3_changed,run4_success,run4_changed,run5_success,run5_changed,repeated_idempotent
P01,Claude,default,Yes,Yes,Yes,1,Yes,0,Yes,0,Yes,0,Yes,0,Yes
P02,Claude,default,Yes,Yes,Yes,1,Yes,0,Yes,0,Yes,0,Yes,0,Yes
P03,Claude,default,Yes,Yes,Yes,2,Yes,1,Yes,1,Yes,1,Yes,1,No
P04,Claude,default,Yes,Yes,Yes,1,Yes,0,Yes,0,Yes,0,Yes,0,Yes
P05,Claude,default,Yes,Yes,Yes,0,Yes,0,Yes,0,Yes,0,Yes,0,Yes
P06,Claude,default,Yes,Yes,Yes,1,Yes,0,Yes,0,Yes,0,Yes,0,Yes
P07,Claude,default,Yes,Yes,Yes,2,Yes,0,Yes,0,Yes,0,Yes,0,Yes
P08,Claude,default,Yes,Yes,Yes,1,Yes,0,Yes,0,Yes,0,Yes,0,Yes
P09,Claude,default,Yes,Yes,Yes,1,Yes,0,Yes,0,Yes,0,Yes,0,Yes
P10,Claude,default,Yes,Yes,Yes,1,Yes,0,Yes,0,Yes,0,Yes,0,Yes
P11,Claude,default,Yes,Yes,Yes,1,Yes,0,Yes,0,Yes,0,Yes,0,Yes
P12,Claude,default,Yes,Yes,Yes,1,Yes,0,Yes,0,Yes,0,Yes,0,Yes
P13,Claude,default,Yes,Yes,Yes,1,Yes,0,Yes,0,Yes,0,Yes,0,Yes
P14,Claude,default,Yes,Yes,Yes,1,Yes,0,Yes,0,Yes,0,Yes,0,Yes
P15,Claude,default,Yes,Yes,Yes,1,Yes,0,Yes,0,Yes,0,Yes,0,Yes
P16,Claude,default,Yes,Yes,Yes,1,Yes,0,Yes,0,Yes,0,Yes,0,Yes
P17,Claude,default,Yes,Yes,Yes,0,Yes,0,Yes,0,Yes,0,Yes,0,Yes
P18,Claude,default,Yes,Yes,Yes,1,Yes,0,Yes,0,Yes,0,Yes,0,Yes
P19,Claude,default,Yes,Yes,Yes,2,Yes,0,Yes,0,Yes,0,Yes,0,Yes
P20,Claude,default,Yes,Yes,Yes,2,Yes,0,Yes,0,Yes,0,Yes,0,Yes
P21,Claude,default,Yes,Yes,Yes,1,Yes,0,Yes,0,Yes,0,Yes,0,Yes
P22,Claude,default,Yes,No,NotChecked,0,No,,No,,No,,No,,N/A
P23,Claude,default,Yes,Yes,Yes,1,Yes,0,Yes,0,Yes,0,Yes,0,Yes
P24,Claude,default,Yes,Yes,Yes,1,Yes,0,Yes,0,Yes,0,Yes,0,Yes
P25,Claude,default,Yes,Yes,Yes,0,Yes,0,Yes,0,Yes,0,Yes,0,Yes
P26,Claude,default,Yes,Yes,Yes,1,Yes,0,Yes,0,Yes,0,Yes,0,Yes
P27,Claude,default,Yes,Yes,Yes,2,Yes,0,Yes,0,Yes,0,Yes,0,Yes
P28,Claude,default,Yes,Yes,Yes,1,Yes,0,Yes,0,Yes,0,Yes,0,Yes
P29,Claude,default,Yes,Yes,Yes,1,Yes,0,Yes,0,Yes,0,Yes,0,Yes
P30,Claude,default,Yes,Yes,Yes,1,Yes,0,Yes,0,Yes,0,Yes,0,Yes
